function K = controller_K(v,z1,z2)
%controller_K
%    K = controller_K(V,Z1,Z2)

%    This function was generated by the Symbolic Math Toolbox version 9.3.
%    06-Mar-2025 18:38:34

t2 = v.^2;
t3 = z1.^2;
t4 = z2.^2;
et1 = t2.*(-3.003137851987085e-2)-t3.*8.924290166470278;
et2 = t4.*(-1.263723989826941e+2)-v.*2.042139983208613e-1+z1.*2.264259412726991;
et3 = z2.*(-3.718988681233908e+1)+v.*z1.*3.994918025499328e-1+v.*z2.*5.911748162943923e-1;
et4 = z1.*z2.*5.353885657776142-1.076921591789309e+1;
et5 = t2.*(-9.428065210431234e-2)-t3.*3.009332472858159e+1;
et6 = t4.*(-3.461123146852023e+2)+v.*3.301921554504544+z1.*7.160093107108297;
et7 = z2.*(-9.873739088268529e+1)+v.*z1.*4.349328247076957e-1+v.*z2.*1.334282374902819e+1;
et8 = z1.*z2.*1.411929774177074e+1-2.969568006387545e+1;
K = [et1+et2+et3+et4,et5+et6+et7+et8];
end
