function K = controller_K(v,z1,z2)
%controller_K
%    K = controller_K(V,Z1,Z2)

%    This function was generated by the Symbolic Math Toolbox version 9.3.
%    24-Feb-2025 08:37:51

t2 = v.^2;
t3 = z1.^2;
t4 = z2.^2;
et1 = t2.*6.629095151075124e-2-t3.*1.053817230590267e+1-t4.*5.230078256863902e+1;
et2 = v.*(-1.407211374324771e-1)+z1.*5.1056060900038e-1-z2.*7.695177260531046;
et3 = v.*z1.*2.374368868229445e-1+v.*z2.*1.869492741730586-z1.*z2.*5.682222099377013;
et4 = -6.362134510120916;
et5 = t2.*1.344676937060191e-1-t3.*3.285856941090528e+1-t4.*1.688493742281979e+2;
et6 = v.*3.242278778479994-z1.*4.45817147554375e-1-z2.*1.433275543336521e+1;
et7 = v.*z1.*(-3.972957030342632e-1)+v.*z2.*1.375005031823007e+1-z1.*z2.*2.58247356751611e+1;
et8 = -1.523470254758758e+1;
K = [et1+et2+et3+et4,et5+et6+et7+et8];
end
