function K = controller_K(v,z1,z2)
%controller_K
%    K = controller_K(V,Z1,Z2)

%    This function was generated by the Symbolic Math Toolbox version 9.3.
%    03-Mar-2025 16:18:05

t2 = v.^2;
t3 = z1.^2;
t4 = z2.^2;
et1 = t2.*(-1.655982036502828e-2)-t3.*2.221817464271731;
et2 = t4.*(-1.22470440772823e+2)-v.*2.012771933768736e-1;
et3 = z1.*2.049607585470841-z2.*3.72890705941162e+1;
et4 = v.*z1.*3.996560294207604e-1+v.*z2.*5.944230602140066e-1;
et5 = z1.*z2.*3.257361132214833-1.078571277415183e+1;
et6 = t2.*(-5.142230557871897e-2)-t3.*8.372311534912012;
et7 = t4.*(-3.356455264181068e+2)+v.*3.336157931744168;
et8 = z1.*6.738187269393295-z2.*9.897986533027139e+1;
et9 = v.*z1.*4.758542398810408e-1+v.*z2.*1.342358818557922e+1;
et10 = z1.*z2.*1.009210540261443e+1-2.97278192060068e+1;
K = [et1+et2+et3+et4+et5,et6+et7+et8+et9+et10];
end
